 <command name>			<x>	<y> 	<z>	<size>	<snd>	<msbtn> <state>

///////////////
// A10 3DPIT //
///////////////

SimRWRSetGroundPriority         -2.378987 -0.153801 -1.094613 50  126   1
SimRwrPower			-2.378987 -0.153801 -1.195038 50  126   1
SimRWRHandoff                   -2.378987 0.018202 -1.094613 50  126   1
//SimRWRSetNaval                -2.378987 0.018202 -1.195038 50  126   1
SimRWRSetUnknowns               -2.378987 0.018202 -1.195038 50  126   2
SimRWRSetSearch                 -2.378987 0.099672 -1.094613 50  126   1
SimRWRSetPriority               -2.378987 0.195260 -1.094613 50  126   1
SimRWRSetTargetSep              -2.378987 0.195260 -1.195038 50  126   1

SimInhibitVMS	                -2.430075 0.291153 -0.797260  50 121   1
SimHUDRadar                     -2.430075 0.176914 -0.797260  50 121   1
SimHUDScales                    -2.430075 0.043130 -0.797260  50 121   1
SimDriftCO                      -2.430075 -0.142074 -0.797260 50 121   1
SimHUDFPM                       -2.430075 -0.265061 -0.755905 50 126   1

ExtinguishMasterCaution		-2.537310 0.897418 -1.220878 50 127 1
					
SimCBEOSB_1R			-2.584318 -0.946493 -1.363842	20 0 1
SimCBEOSB_2R			-2.584318 -1.017849 -1.363842	20 0 1
SimCBEOSB_3R			-2.584318 -1.099657 -1.363842	20 0 1
SimCBEOSB_4R			-2.584318 -1.176785 -1.363842	20 0 1
SimCBEOSB_5R			-2.584318 -1.253913 -1.363842	20 0 1

SimCBEOSB_6R			-2.584318 -1.310146 -1.456062	20 0 1
SimCBEOSB_7R			-2.584318 -1.310146 -1.522740	20 0 1
SimCBEOSB_8R			-2.584318 -1.310146 -1.602585	20 0 1
SimCBEOSB_9R			-2.584318 -1.310146 -1.683438	20 0 1
SimCBEOSB_10R			-2.584318 -1.310146 -1.757947	20 0 1

SimCBEOSB_11R			-2.584318 -1.253913 -1.827455	20 0 1
SimCBEOSB_12R			-2.584318 -1.176785 -1.827455	20 0 1
SimCBEOSB_13R			-2.584318 -1.099657 -1.827455	20 0 1
SimCBEOSB_14R			-2.584318 -1.017849 -1.827455	20 0 1
SimCBEOSB_15R			-2.584318 -0.946493 -1.827455	20 0 1

SimCBEOSB_16R			-2.584318 -0.877369 -1.757947	20 0 1
SimCBEOSB_17R			-2.584318 -0.877369 -1.683438	20 0 1
SimCBEOSB_18R			-2.584318 -0.877369 -1.602585	20 0 1
SimCBEOSB_19R			-2.584318 -0.877369 -1.522740	20 0 1
SimCBEOSB_20R			-2.584318 -0.877369 -1.456062	20 0 1


SimIncFuelSwitch 		-2.576066 -1.714480 -2.808256 50 115 1
SimDecFuelSwitch 		-2.576066 -1.714480 -2.808256 50 115 2

SimMasterFuelOn			-1.852962 1.837355 -3.135788 50 121 1
SimMasterFuelOff		-1.852962 1.837355 -3.135788 50 121 2

SimFuelPumpOff			-2.327314 1.93735 -3.063612 20 121 2
SimFuelPumpNorm			-2.327314 1.93735 -3.063612 20 121 1
SimFuelPumpFwd			-2.327314 1.78735 -3.063612 20 121 1
SimFuelPumpAft			-2.327314 1.78735 -3.063612 20 121 2

SimFuelTransNorm		-2.482524 1.857819 -3.018870 50 121 1
SimFuelTransWing		-2.482524 1.857819 -3.018870 50 121 2

SimFuelDoorClose		-1.748717 1.348651 -2.889476 30 117 1
SimFuelDoorOpen			-2.099399 1.398745 -2.889476 30 118 1 

SimMainPowerMain		-1.669597 -2.297004 -3.104318 50 121 1
SimMainPowerOff			-1.669597 -2.297004 -3.104318 50 121 2
SimMainPowerBatt		-1.671468 -2.569033 -3.043157 30 121 1	

SimTrimRollLeft			-1.305135 2.466890 -2.946118 50 121 1
SimTrimRollRight		-1.305135 2.466890 -2.946118 50 121 2

SimTrimNoseUp			-1.326966 2.219268 -3.064953 50 121 1
SimTrimNoseDown			-1.326966 2.219268 -3.064953 50 121 2

SimTrimYawRight			-1.134741 2.584145 -2.915728 30 115 1
SimTrimYawLeft			-1.134741 2.584145 -2.915728 30 115 2

SimTrimAPNORM			-1.133645 2.212218 -3.064953 30 122 1
SimTrimAPDISC			-1.133645 2.212218 -3.064953 30 122 2

SimRightAPMid			-0.253770 2.389879 -3.016096 20 121 1
SimRightAPUp			0.010372 2.511091 -2.977411 20 121 1
SimRightAPDown			0.008057 2.273377 -3.112673 20 121 1

AFCanopyToggle			-2.286506 -2.146220 -2.800379 50 121 1

SimAirSourceNorm		-0.090296 -2.594385 -2.953310 30 121 1
SimAirSourceOff			-0.090296 -2.594385 -2.953310 30 121 2

SimICPCom1			-2.488720 -0.259026 -2.648734 20 122 1
SimICPCom2			-2.488720 -0.246968 -2.723148 20 122 1
SimStepHSIMode			-2.488720 -0.132452 -2.723148 30 126 1
SimStepHSIMode			-2.488720 -0.032399 -2.723148 30 126 1
SimStepHSIMode			-2.488720 0.061196 -2.723148 30 126 1
SimStepHSIMode			-2.488720 0.155135 -2.723148 30 126 1

SimICPLIST			-0.600798 -1.582680 -3.117945 40 115 1
SimICPTILS			-0.696018 -1.740205 -3.117945 20 122 1
SimICPALOW			-0.696018 -1.827865 -3.117945 20 122 1
SimICPTHREE			-0.697654 -1.937472 -3.117945 20 122 1
SimICPCLEAR			-0.431773 -1.937472 -3.117945 20 122 1
SimICPStpt			-0.603951 -1.740205 -3.117945 20 122 1
SimICPCrus			-0.603951 -1.827865 -3.117945 20 122 1
SimICPSIX			-0.608786 -1.937472 -3.117945 20 122 1
SimICPEnter			-0.432182 -1.740205 -3.117945 20 122 1
SimICPMark			-0.515428 -1.740205 -3.117945 20 122 1
SimICPEIGHT			-0.510962 -1.827865 -3.117945 20 122 1
SimICPNINE			-0.521685 -1.937472 -3.117945 20 122 1
SimICPZERO			-0.429082 -1.827865 -3.117945 20 122 1
SimICPNext			-0.880807 -1.913504 -3.069745 20 122 1
SimICPPrevious			-0.945727 -1.913504 -3.069745 20 122 1
SimICPDEDUP			-1.090406 -1.913504 -3.069745 20 122 1
SimICPDEDDOWN			-1.023621 -1.913504 -3.069745 20 122 1
SimICPResetDED			-0.339706 -1.827865 -3.117945 20 122 1
SimICPDEDSEQ			-0.699549 -1.445075 -3.117945 20 122 1
SimICPFAck			-0.347080 -1.740205 -3.117945 20 122 1

SimExtlAntiColl			0.432503 -2.611732 -2.984358 20 121 1
SimExtlWing			0.432863 -2.356703 -2.984358 40 115 1
SimExtlSteady			0.415789 -2.124765 -3.041398 20 121 1
SimExtlPower			0.630595 -2.385916 -3.041398 20 121 1

SimLaserArmOn			-2.407088 0.192843 -2.960996 25 115 1
SimLaserArmOff			-2.407088 0.192843 -2.960996 25 115 2

SimCMSUp		0.301267 -1.672166 -3.134906 20 121 1
SimEWSModeStby			0.470181 -1.403633 -3.125560 40 115 1
SimEWSModeMan			0.388143 -1.403633 -3.125560 40 115 1
SimEWSModeSemi			0.344375 -1.495244 -3.125560 40 115 1
SimEWSModeAuto			0.403913 -1.585112 -3.125560 40 115 1
SimEWSProgInc			0.468482 -1.893791 -3.134906 40 115 1
SimEWSProgDec			0.468482 -1.893791 -3.134906 40 115 2

SimWarnReset			-2.538591 1.399714 -1.307857 30 122 1
SimICPAG			-2.538591 1.230620 -1.255761 40 115 1
SimICPAA			-2.538591 1.230620 -1.255761 40 115 2
SimHUDBrightness		-2.560344 1.332915 -1.475883 40 115 1
OTWStepHudColor			-2.560344 1.495552 -1.475883 30 125 1
SimLandingLightToggle		-2.560344 1.690784 -2.005527 30 129 1
SimStepMasterArm		-2.560344 1.401227 -2.057838 30 129 1
SimEmergencyJettison		-2.560344 0.922838 -2.612298 30 123 1
SimCATSwitch			-1.575749 2.451706 -2.833440 30 129 1

SimHsiHeadingInc                -2.45733 0.214534 -2.433781    40  115   1
SimHsiCourseInc                 -2.45733 -0.242441 -2.433781    40  115   1
SimHsiHeadingDec                -2.45733 0.214517 -2.433781    40  115   2
SimHsiCourseDec                 -2.45733 -0.242458 -2.433781    40  115   2

SimTACANTR                      0.01680 -1.907156 -3.089431    40  115   1
SimTACANAATR                    0.01680 -1.907156 -3.089431    40  115   2
SimAuxComUFC                    0.04014 -1.593891 -3.182810    30  120   1
SimAuxComBackup                 0.04014 -1.593891 -3.182810    30  120   2
SimCycleLeftAuxComDigit        -0.00730 -1.474083 -3.141747    30  125   1
SimDecCenterAuxComDigit        -0.00730 -1.474083 -3.141747    30  125   2
SimDecRightAuxComDigit         -0.00730 -1.716910 -3.141747    30  125   1
SimCycleBandAuxComDigit        -0.00730 -1.716910 -3.141747    30  125   2

SimBupUhfModeInc                0.29500 1.482122 -3.116669    40  128   1
SimBupUhfModeDec                0.29500 1.482122 -3.116669    40  128   2

SimBupUhfFuncInc                0.29500 1.879342 -3.116669    40  128   1
SimBupUhfFuncDec                0.29500 1.879342 -3.116669    40  128   2

SimCycleRadioChannel           -0.10879 1.438922 -3.128947    40  125   1
SimDecRadioChannel             -0.10879 1.438922 -3.128947    40  125   2


AFGearUp                        -2.57533 1.605569 -2.432103    40  119   1
AFGearDown                      -2.57533 1.605569 -2.432103    40  118   2
SimStepThreatVolumeUp           0.54358 2.167985 -3.106264    30  125   1
SimStepThreatVolumeDown         0.54358 2.167985 -3.106264    30  125   2
SimStepMissileVolumeDown        0.54358 2.286484 -3.061406    30  125   2
SimStepMissileVolumeUp          0.54358 2.286484 -3.061406    30  125   1
SimStepComm2VolumeUp            0.43804 2.236886 -3.077501    30  125   1
SimStepComm2VolumeDown          0.43804 2.236886 -3.077501    30  125   2
SimStepComm1VolumeDown          0.43804 2.352375 -3.032711    30  125   2
SimStepComm1VolumeUp            0.43804 2.352375 -3.032711    30  125   1

AFIncFlap                        -1.07027 1.982884 -3.106264    30  117   1
AFDecFlap                        -1.07027 1.982884 -3.106264    30  118   2

SimMalIndLights                 -1.64970 2.389672 -3.062568    35  121   1
SimMalIndLightsOFF              -1.64970 2.389672 -3.062568    35  121   2

AFAlternateGear                 -2.53855 1.607328 -2.226133    40  118   1
AFAlternateGearReset            -2.53855 1.607328 -2.226133    40  118   2

SimInstrumentLight		1.094946 -2.550333 -2.984358 40 115 1
SimInstrumentLight		1.094946 -2.550333 -2.984358 40 115 2 

SimInteriorLight		1.068430 -2.175405 -3.041398 40 115 1 8 
SimInteriorLight		1.068430 -2.175405 -3.041398 40 115 2 8

SimAVTRSwitch                   1.07512 1.734826 -3.183838    40  124   1

SimParkingBrakeToggle           -2.09005 2.246722 -2.933270   100  119   1
SimThrottleIdleDetent           -1.02621 1.457643 -3.174529    40  115   1
SimJfsStartCycle                                                      -1.26348 1.457643 -3.174529    40  123   1
SimINSInc                                                        -0.38883 -1.600359 -3.145828    40  115   1
SimINSDec                                                        -0.38883 -1.600359 -3.145828    40  115   2
SimLeftHptOn                                                     -2.57101 1.249092 -2.037094    30  129   1
SimRightHptOn                                                    -2.57101 0.429037 -2.094500    30  129   1
SimRightHptOff                                                   -2.57101 0.429037 -2.094500    30  129   2
SimLeftHptOff                                                    -2.57101 1.249092 -2.037094    30  129   2
SimRALTUp                                                        -2.55444 1.163981 -2.621682    40  125   1
SimRALTDown                                                      -2.55444 1.163981 -2.621682    40  125   2
SimFCROff                                                        -2.55444 0.668571 -2.621682    40  125   2
SimFCROn                                                         -2.55444 0.668571 -2.621682    40  125   1
SimSymWheelUp                                                 -2.56288 1.152758 -1.444678    30  125   1
SimSymWheelUp                                                 -2.56288 1.152758 -1.444678    30  125   1
SimSymWheelUp                                                 -2.56288 1.152758 -1.444678    30  125   1
SimSymWheelDn                                                 -2.56288 1.152758 -1.444678    30  125   2
SimSymWheelDn                                                 -2.56288 1.152758 -1.444678    30  125   2
SimSymWheelDn                                                 -2.56288 1.152758 -1.444678    30  125   2
SimEWSJammerOn                                                   -1.63675 -1.838214 -3.182398    30  126   1
SimEWSJammerOff                                                   -1.63675 -1.838214 -3.182398    30  126   2
SimEWSFlareOn                                                    -1.63675 -1.633267 -3.182398    30  126   1
SimEWSFlareOff                                                    -1.63675 -1.633267 -3.182398    30  126   2
SimEWSChaffOn                                                    -1.53261 -1.633267 -3.182398    30  126   1
SimEWSChaffOff                                                    -1.53261 -1.633267 -3.182398    30  126   2
SimEWSRWROn                                                      -1.53261 -1.937973 -3.182398    30  126   1
SimEWSRWROff                                                      -1.53261 -1.937973 -3.182398    30  126   2
SimRwrPower                                                      -1.63518 -1.937973 -3.182398    30  126   1
SimRwrPower                                                      -1.63518 -1.937973 -3.182398    30  126   2
SimSeatOn                                                        -0.48031 1.202023 -3.109627    40  117   1
CycleEngine                                                    -1.43887 1.397627 -3.178450    30  124   1
CycleEngine                                                    -1.43887 1.519275 -3.178450    30  124   1

SimEcmPowerOn                                                    -1.69544 -1.441068 -3.179019    30  121   1
SimEcmPowerOff                                                   -1.69544 -1.441068 -3.179019    30  121   2
SimCMSDown                                                    -1.58839 -1.522167 -3.179019    30  121   1
SimCMSRight                                                    -1.58839 -1.522167 -3.179019    30  121   2

SimDLOn                                                          -0.60215 -1.422436 -3.185361    30  124   1
SimDLOff                                                         -0.60215 -1.422436 -3.185361    30  124   2
SimUFCOn                                                         -0.39440 -1.422436 -3.185361    30  124   1
SimUFCOff                                                        -0.39440 -1.422436 -3.185361    30  124   2
SimMFDOn                                                         -0.59402 1.581383 -3.185361    30  124   1
SimMFDOff                                                        -0.59402 1.581383 -3.185361    30  124   2
SimGPSOn                                                         -0.78710 1.920506 -3.185361    30  124   1
SimGPSOff                                                        -0.78710 1.920506 -3.185361    30  124   2
SimSMSOn                                                      -2.55921 0.909149 -2.509460    30  115   1
SimSMSOff                                                      -2.55921 0.909149 -2.509460    30  115   2
SimFCCOn                                                      -2.39344 -0.170346 -3.225853    30  124   1
SimFCCOff                                                      -2.39344 -0.170346 -3.225853    30  124   2

SimLeftAPMid                                                     -0.79387 1.503522 -3.185361    30  124   2
SimLeftAPDown                                                    -0.79387 1.503522 -3.185361    30  124   1

SimAud1Com1Sql                                                    -0.28365 1.453849 -3.160748    35  128   2
SimAud1Com1Gd                                                    -0.28365 1.453849 -3.160748    35  128   1
SimAud1Com2Sql                                                       0.54248 1.436111 -3.160748    35  128   2
SimAud1Com2Gd                                                       0.54248 1.436111 -3.160748    35  128   1

AFCanopyToggle                                                   -0.47321 -2.729228 -2.943211    40  118   1